#Data file for Lagragian operating model
#syr
1
#nyr
100
#rep_yr
70
#proj_yr
120
#sage
1
#nage
20
#smon
1
#nmon
12
#sarea
30
#narea
60
#ngroup
20
#nlen
24
#inilen
14
#lenstp
2
#nations
2
#border
48.5
#fisharea
#6
5
#3
#fishbound
#35 40 45 50 55
42 46 48.5 51 
#46 48.5
#Ro
2.666000
#h
0.862 
#m
0.213
#fe
0
#q
1
#fbeta
2.0
#sigR
1.0
#tau_c
0.4
#tau_l
0.2
#tau_survey
0.4
#tau_surveyl
0.2
#err
1.0
#linf - assuming mu 53.3 and sd=3cm
45.2 46.1 47.0 47.9 48.8 49.7 50.6 51.5 52.4 53.3 54.2 55.1 56.0 56.9 57.8 58.7 59.6 60.5 61.4 62.3
#vbk
0.3
#to
-0.5
#cvl
0.1
#awt
5e-6
#bwt
3.0
#survey month
8
#survey nobs
25
#survey yrs
72  74  76  78 80  82  84  86  88  90  92  94  96  98 100 102 104 106 108 110 112 114 116 118 120 
#mo
3
#maxPos50
5
#maxPossd
1.5
#cv in position by age
.1 
#weight at age
#0.13 0.41 0.47 0.48 0.54 0.57 0.62 0.66 0.72 0.70 1.16 1.02 0.95 0.97 1.06 1.06 1.06 1.06 1.06 1.06 
#fecundity at age
1.393163e-05 1.431298e-03 4.420166e-02 2.328962e-01 3.776358e-01 4.133935e-01 5.092023e-01 5.810762e-01 5.941639e-01 6.777209e-01 8.119158e-01 8.739332e-01 1.000000e+00 9.092904e-01 8.682435e-01 8.571080e-01 8.571080e-01 8.571080e-01 8.571080e-01 8.567016e-01
#vulnerability at age
0.5 1 1 1 1 1 1 1 1 1 1 1 1 1 1 1 1 1 1 1
#mininmum position by age
30.0 30.0 30.0 30.0 30.0 30.0 30.0 30.0 30.0 30.0 30.0 30.0 30.0 30.0 30.0 30.0 30.0 30.0 30.0 30.0
#Fmultiplier
5
# Total effort by country and year
###0 0 0 0 0 0 0 0 0 0 0 0 0 0 0 0 0 0 0 0 0 0 0 0 0 0 0 0 0 0 0 0 0 0 0 0 0 0 0 0 0 0 0 0 0 0 0 0 0 0 0 0 0 0 0 0 0 0 0 0 0 0 0 0 0 0 0 0 0 0 0 0 0 0 0 0 0 0 0 0 0 0 0 0 0 0 0 0 0 0 0 0 0 0 0 0 0 0 0 0
###0 0 0 0 0 0 0 0 0 0 0 0 0 0 0 0 0 0 0 0 0 0 0 0 0 0 0 0 0 0 0 0 0 0 0 0 0 0 0 0 0 0 0 0 0 0 0 0 0 0 0 0 0 0 0 0 0 0 0 0 0 0 0 0 0 0 0 0 0 0 0 0 0 0 0 0 0 0 0 0 0 0 0 0 0 0 0 0 0 0 0 0 0 0 0 0 0 0 0 0
###0 0 0 0 0 0 0 0 0 0 0 0 0 0 0 0 0 0 0 0 0 0 0 0 0 0 0 0 0 0 0 0 0 0 0 0 0 0 0 0 0 0 0 0 0 0 0 0 0 0 0 0 0 0 0 0 0 0 0 0 0 0 0 0 0 0 0 0 0 0 0 0 0 0 0 0 0 0 0 0 0 0 0 0 0 0 0 0 0 0 0 0 0 0 0 0 0 0 0 0
###0 0 0 0 0 0 0 0 0 0 0 0 0 0 0 0 0 0 0 0 0 0 0 0 0 0 0 0 0 0 0 0 0 0 0 0 0 0 0 0 0 0 0 0 0 0 0 0 0 0 0 0 0 0 0 0 0 0 0 0 0 0 0 0 0 0 0 0 0 0 0 0 0 0 0 0 0 0 0 0 0 0 0 0 0 0 0 0 0 0 0 0 0 0 0 0 0 0 0 0
###0 0 0 0 0 0 0 0 0 0 0 0 0 0 0 0 0 0 0 0 0 0 0 0 0 0 0 0 0 0 0 0 0 0 0 0 0 0 0 0 0 0 0 0 0 0 0 0 0 0 0 0 0 0 0 0 0 0 0 0 0 0 0 0 0 0 0 0 0 0 0 0 0 0 0 0 0 0 0 0 0 0 0 0 0 0 0 0 0 0 0 0 0 0 0 0 0 0 0 0
#area1
1 1 1 1 1 1 1 1 1 1 1 1 1 1 1 1 1 1 1 1 1 1 1 1 1 1 1 1 1 1 1 1 1 1 1 1 1 1 1 1 1 1 1 1 1 1 1 1 1 1 1 1 1 1 1 1 1 1 1 1 1 1 1 1 1 1 1 1 1 1 1 1 1 1 1 1 1 1 1 1 1 1 1 1 1 1 1 1 1 1 1 1 1 1 1 1 1 1 1 1
#area2
1 1 1 1 1 1 1 1 1 1 1 1 1 1 1 1 1 1 1 1 1 1 1 1 1 1 1 1 1 1 1 1 1 1 1 1 1 1 1 1 1 1 1 1 1 1 1 1 1 1 1 1 1 1 1 1 1 1 1 1 1 1 1 1 1 1 1 1 1 1 1 1 1 1 1 1 1 1 1 1 1 1 1 1 1 1 1 1 1 1 1 1 1 1 1 1 1 1 1 1
#area3
1 1 1 1 1 1 1 1 1 1 1 1 1 1 1 1 1 1 1 1 1 1 1 1 1 1 1 1 1 1 1 1 1 1 1 1 1 1 1 1 1 1 1 1 1 1 1 1 1 1 1 1 1 1 1 1 1 1 1 1 1 1 1 1 1 1 1 1 1 1 1 1 1 1 1 1 1 1 1 1 1 1 1 1 1 1 1 1 1 1 1 1 1 1 1 1 1 1 1 1
#area4
0.2 0.2 0.2 0.2 0.2 0.2 0.2 0.2 0.2 0.2 0.2 0.2 0.2 0.2 0.2 0.2 0.2 0.2 0.2 0.2 0.2 0.2 0.2 0.2 0.2 0.2 0.2 0.2 0.2 0.2 0.2 0.2 0.2 0.2 0.2 0.2 0.2 0.2 0.2 0.2 0.2 0.2 0.2 0.2 0.2 0.2 0.2 0.2 0.2 0.2 0.2 0.2 0.2 0.2 0.2 0.2 0.2 0.2 0.2 0.2 0.2 0.2 0.2 0.2 0.2 0.2 0.2 0.2 0.2 0.2 0.2 0.2 0.2 0.2 0.2 0.2 0.2 0.2 0.2 0.2 0.2 0.2 0.2 0.2 0.2 0.2 0.2 0.2 0.2 0.2 0.2 0.2 0.2 0.2 0.2 0.2 0.2 0.2 0.2 0.2
#area5
0.2 0.2 0.2 0.2 0.2 0.2 0.2 0.2 0.2 0.2 0.2 0.2 0.2 0.2 0.2 0.2 0.2 0.2 0.2 0.2 0.2 0.2 0.2 0.2 0.2 0.2 0.2 0.2 0.2 0.2 0.2 0.2 0.2 0.2 0.2 0.2 0.2 0.2 0.2 0.2 0.2 0.2 0.2 0.2 0.2 0.2 0.2 0.2 0.2 0.2 0.2 0.2 0.2 0.2 0.2 0.2 0.2 0.2 0.2 0.2 0.2 0.2 0.2 0.2 0.2 0.2 0.2 0.2 0.2 0.2 0.2 0.2 0.2 0.2 0.2 0.2 0.2 0.2 0.2 0.2 0.2 0.2 0.2 0.2 0.2 0.2 0.2 0.2 0.2 0.2 0.2 0.2 0.2 0.2 0.2 0.2 0.2 0.2 0.2 0.2
# Total effort by country and month
#1.0 1.0 1.0 1.0 1.0 1.0 1.0 1.0 1.0 1.0 1.0 1.0  
#1.0 1.0 1.0 1.0 1.0 1.0 1.0 1.0 1.0 1.0 1.0 1.0
#1.0 1.0 1.0 1.0 1.0 1.0 1.0 1.0 1.0 1.0 1.0 1.0  
#1.0 1.0 1.0 1.0 1.0 1.0 1.0 1.0 1.0 1.0 1.0 1.0  
#1.0 1.0 1.0 1.0 1.0 1.0 1.0 1.0 1.0 1.0 1.0 1.0 
#1.0 1.0 1.0 1.0 1.0 1.0 1.0 1.0 1.0 1.0 1.0 1.0 
0.0 0.0 0.0 0.0 0.5 1.0 1.0 1.0 0.5 0.1 0.0 0.0  
0.0 0.0 0.0 0.0 0.5 1.0 1.0 1.0 0.5 0.1 0.0 0.0
0.0 0.0 0.0 0.0 0.5 1.0 1.0 1.0 0.5 0.1 0.0 0.0  
0.0 0.0 0.0 0.0 0.0 1.0 1.0 1.0 0.5 0.3 0.0 0.0  
0.0 0.0 0.0 0.0 0.0 1.0 1.0 1.0 0.5 0.3 0.0 0.0 
#Effort power by latitude deg
#30 31  32  33  34  35  36  37  38  39  40  41  42  43  44  45  46  47  48  49  50  51  52  53  54 
0.0 0.0 0.0 0.0 0.0 0.0 0.0 0.0 0.0 0.1 0.5 0.5 1.0 1.0 1.0 1.0 1.0 1.0 1.0 1.0 1.0 1.0 0.5 0.1 0.1 
#55 56  57  58  59  60  
0.1 0.1 0.1 0.1 0.1 0.1 
#Wt
 -1.6815 -1.6722	1.6044	0.5671	-1.7991	1.4167	-0.6429	-1.7381	1.1481	0.968	0.2378	0.482	0.0969	0.6133	2.472	-1.0325	0.0921	-2.7704	0.2381	-2.4648	0.7649	0.5756	-2.8746	1.7223	0.1782	2.7192	-0.6564	0.3729	-0.1946	2.4267
#high recruitment year
#0.2378  0.4820  0.0969  0.6133  2.4720 -1.0325  0.0921 -2.7704  0.2381 -2.4648  0.7649  0.5756 #-2.8746  1.7223  0.1782  2.7192 -0.6564  0.3729 -0.1946  2.4267
#low recruitment 
0.2378  0.4820  0.0969  0.6133  0.0969 -1.0325  0.0921 -2.7704  0.2381 -2.4648  2.7192  -0.6564   -2.8746  1.7223  0.1782  0.0969 -0.6564  0.3729 -0.1946  2.4267
#satype
2
#nationTACprop
73.88 26.12
#eof
999




