#Data file for Lagragian operating model
#syr
1
#nyr
100
#rep_yr
70
#proj_yr - equal to nyr for simeval
#100
#sage
1
#nage
20
#smon
1
#nmon
12
#sarea
30
#narea
60
#ngroup
#3
#nations
2
#border
49
#fisharea
#6
5
#3
#fishbound
#35 40 45 50 55
42 46 48.5 51 
#46 48.5
#Ro
2.923
#h
0.814 
#m
0.223
#fe
0
#q
1
#fbeta
1.0
#sigR
0.6
#tau_c
#1.0
0.4
#tau_survey
#1.0
#err
1.0
#linf
53.2
#vbk
0.3
#to
-0.5
#survey month
#8
#survey nobs
#15
#survey yrs
#72  74  76  78 80  82  84  86  88  90  92  94  96  98 100  
#mo
1
#maxPos50
3
#maxPossd
1.5
#cv in position by age
.1 
#weight at age
0.13 0.41 0.47 0.48 0.54 0.57 0.62 0.66 0.72 0.70 1.16 1.02 0.95 0.97 1.06 1.06 1.06 1.06 1.06 1.06 
#fecundity at age
1.393163e-05 1.431298e-03 4.420166e-02 2.328962e-01 3.776358e-01 4.133935e-01 5.092023e-01 5.810762e-01 5.941639e-01 6.777209e-01 8.119158e-01 8.739332e-01 1.000000e+00 9.092904e-01 8.682435e-01 8.571080e-01 8.571080e-01 8.571080e-01 8.571080e-01 8.567016e-01
#vulnerability at age
#0.0041512 0.084884 0.60249 1 1 1 1 1 1 1 1 1 1 1 1 1 1 1 1 1
0.5 1 1 1 1 1 1 1 1 1 1 1 1 1 1 1 1 1 1 1
#mininmum position by age
32.0 32.0 32.0 32.0 32.0 32.0 32.0 32.0 32.0 32.0 32.0 32.0 32.0 32.0 32.0 32.0 32.0 32.0 32.0 32.0
#maximum position by age
#33.5 33.5 33.5 35.0 38.0 45.0 49.0 51.0 53.0 54.0 56.0 57.0 58.0 59.0 59.0 59.0 59.0 59.0 59.0 600000
#Fmultiplier
3
# Total effort by country and year
###area1
##0 0 0 0 0 0 0 0 0 0 0 0 0 0 0 0 0 0 0 0 
##0 0 0 0 0 0 0 0 0 0 0 0 0 0 0 0 0 0 0 0 
##0 0 0 0 0 0 0 0 0 0 0 0 0 0 0 0 0 0 0 0 
##0 0 0 0 0 0 0 0 0 0 0 0 0 0 0 0 0 0 0 0 
##0 0 0 0 0 0 0 0 0 0 0 0 0 0 0 0 0 0 0 0
###area2
##0 0 0 0 0 0 0 0 0 0 0 0 0 0 0 0 0 0 0 0 
##0 0 0 0 0 0 0 0 0 0 0 0 0 0 0 0 0 0 0 0 
##0 0 0 0 0 0 0 0 0 0 0 0 0 0 0 0 0 0 0 0 
##0 0 0 0 0 0 0 0 0 0 0 0 0 0 0 0 0 0 0 0 
##0 0 0 0 0 0 0 0 0 0 0 0 0 0 0 0 0 0 0 0
###area3
##0 0 0 0 0 0 0 0 0 0 0 0 0 0 0 0 0 0 0 0
##0 0 0 0 0 0 0 0 0 0 0 0 0 0 0 0 0 0 0 0
##0 0 0 0 0 0 0 0 0 0 0 0 0 0 0 0 0 0 0 0 
##0 0 0 0 0 0 0 0 0 0 0 0 0 0 0 0 0 0 0 0 
##0 0 0 0 0 0 0 0 0 0 0 0 0 0 0 0 0 0 0 0
###area4
##0 0 0 0 0 0 0 0 0 0 0 0 0 0 0 0 0 0 0 0 
##0 0 0 0 0 0 0 0 0 0 0 0 0 0 0 0 0 0 0 0 
##0 0 0 0 0 0 0 0 0 0 0 0 0 0 0 0 0 0 0 0 
##0 0 0 0 0 0 0 0 0 0 0 0 0 0 0 0 0 0 0 0 
##0 0 0 0 0 0 0 0 0 0 0 0 0 0 0 0 0 0 0 0
###area5
##0 0 0 0 0 0 0 0 0 0 0 0 0 0 0 0 0 0 0 0 
##0 0 0 0 0 0 0 0 0 0 0 0 0 0 0 0 0 0 0 0 
##0 0 0 0 0 0 0 0 0 0 0 0 0 0 0 0 0 0 0 0 
##0 0 0 0 0 0 0 0 0 0 0 0 0 0 0 0 0 0 0 0 
##0 0 0 0 0 0 0 0 0 0 0 0 0 0 0 0 0 0 0 0
#area1
1 1 1 1 1 1 1 1 1 1 1 1 1 1 1 1 1 1 1 1 
1 1 1 1 1 1 1 1 1 1 1 1 1 1 1 1 1 1 1 1 
1 1 1 1 1 1 1 1 1 1 1 1 1 1 1 1 1 1 1 1 
1 1 1 1 1 1 1 1 1 1 1 1 1 1 1 1 1 1 1 1 
1 1 1 1 1 1 1 1 1 1 1 1 1 1 1 1 1 1 1 1
#area2
1 1 1 1 1 1 1 1 1 1 1 1 1 1 1 1 1 1 1 1 
1 1 1 1 1 1 1 1 1 1 1 1 1 1 1 1 1 1 1 1 
1 1 1 1 1 1 1 1 1 1 1 1 1 1 1 1 1 1 1 1 
1 1 1 1 1 1 1 1 1 1 1 1 1 1 1 1 1 1 1 1 
1 1 1 1 1 1 1 1 1 1 1 1 1 1 1 1 1 1 1 1
#area3
1 1 1 1 1 1 1 1 1 1 1 1 1 1 1 1 1 1 1 1 
1 1 1 1 1 1 1 1 1 1 1 1 1 1 1 1 1 1 1 1 
1 1 1 1 1 1 1 1 1 1 1 1 1 1 1 1 1 1 1 1 
1 1 1 1 1 1 1 1 1 1 1 1 1 1 1 1 1 1 1 1 
1 1 1 1 1 1 1 1 1 1 1 1 1 1 1 1 1 1 1 1
#area4
0.2 0.2 0.2 0.2 0.2 0.2 0.2 0.2 0.2 0.2 0.2 0.2 0.2 0.2 0.2 0.2 0.2 0.2 0.2 0.2 
0.2 0.2 0.2 0.2 0.2 0.2 0.2 0.2 0.2 0.2 0.2 0.2 0.2 0.2 0.2 0.2 0.2 0.2 0.2 0.2 
0.2 0.2 0.2 0.2 0.2 0.2 0.2 0.2 0.2 0.2 0.2 0.2 0.2 0.2 0.2 0.2 0.2 0.2 0.2 0.2 
0.2 0.2 0.2 0.2 0.2 0.2 0.2 0.2 0.2 0.2 0.2 0.2 0.2 0.2 0.2 0.2 0.2 0.2 0.2 0.2 
0.2 0.2 0.2 0.2 0.2 0.2 0.2 0.2 0.2 0.2 0.2 0.2 0.2 0.2 0.2 0.2 0.2 0.2 0.2 0.2
#area5
0.2 0.2 0.2 0.2 0.2 0.2 0.2 0.2 0.2 0.2 0.2 0.2 0.2 0.2 0.2 0.2 0.2 0.2 0.2 0.2 
0.2 0.2 0.2 0.2 0.2 0.2 0.2 0.2 0.2 0.2 0.2 0.2 0.2 0.2 0.2 0.2 0.2 0.2 0.2 0.2 
0.2 0.2 0.2 0.2 0.2 0.2 0.2 0.2 0.2 0.2 0.2 0.2 0.2 0.2 0.2 0.2 0.2 0.2 0.2 0.2 
0.2 0.2 0.2 0.2 0.2 0.2 0.2 0.2 0.2 0.2 0.2 0.2 0.2 0.2 0.2 0.2 0.2 0.2 0.2 0.2 
0.2 0.2 0.2 0.2 0.2 0.2 0.2 0.2 0.2 0.2 0.2 0.2 0.2 0.2 0.2 0.2 0.2 0.2 0.2 0.2
# Total effort by country and month
#1.0 1.0 1.0 1.0 1.0 1.0 1.0 1.0 1.0 1.0 1.0 1.0  
#1.0 1.0 1.0 1.0 1.0 1.0 1.0 1.0 1.0 1.0 1.0 1.0
#1.0 1.0 1.0 1.0 1.0 1.0 1.0 1.0 1.0 1.0 1.0 1.0  
#1.0 1.0 1.0 1.0 1.0 1.0 1.0 1.0 1.0 1.0 1.0 1.0  
#1.0 1.0 1.0 1.0 1.0 1.0 1.0 1.0 1.0 1.0 1.0 1.0 
#1.0 1.0 1.0 1.0 1.0 1.0 1.0 1.0 1.0 1.0 1.0 1.0 
0.0 0.0 0.0 0.0 0.5 1.0 1.0 1.0 0.5 0.1 0.0 0.0  
0.0 0.0 0.0 0.0 0.5 1.0 1.0 1.0 0.5 0.1 0.0 0.0
0.0 0.0 0.0 0.0 0.5 1.0 1.0 1.0 0.5 0.1 0.0 0.0  
0.0 0.0 0.0 0.0 0.0 1.0 1.0 1.0 0.5 0.3 0.0 0.0  
0.0 0.0 0.0 0.0 0.0 1.0 1.0 1.0 0.5 0.3 0.0 0.0 
###0.0 0.0 0.0 0.0 0.0 0.0 0.0 0.0 0.0 0.0 0.0 0.0  
###0.0 0.0 0.0 0.0 0.0 0.0 0.0 0.0 0.0 0.0 0.0 0.0  
###0.0 0.0 0.0 0.0 0.0 0.0 0.0 0.0 0.0 0.0 0.0 0.0  
###0.0 0.0 0.0 0.0 0.0 0.0 0.0 0.0 0.0 0.0 0.0 0.0  
###0.0 0.0 0.0 0.0 0.0 0.0 0.0 0.0 0.0 0.0 0.0 0.0  
#Effort power by latitude deg
#30 31  32  33  34  35  36  37  38  39  40  41  42  43  44  45  46  47  48  49  50  51  52  53  54 
0.0 0.0 0.0 0.0 0.0 0.0 0.0 0.0 0.0 0.1 0.5 0.5 1.0 1.0 1.0 1.0 1.0 1.0 1.0 1.0 1.0 1.0 0.5 0.1 0.1 
#55 56  57  58  59  60  
0.1 0.1 0.1 0.1 0.1 0.0 
#1.0 1.0 1.0 1.0 1.1 1.0 1.0 1.0 1.0 1.0 1.0 1.0 1.0 1.0 1.0 1.0 1.0 1.0 1.0 1.0 1.0 1.0 1.0 1.0 1.0 1.0 1.0 1.0 1.0 1.0 1.0
#Wt
# -1.6815 -1.6722 1.6044	0.5671 -1.7991 1.4167 -0.6429 -1.7381 1.1481 0.968	
# 0.2378	0.482 0.0969 0.6133	2.472 -1.0325 0.0921 -2.7704 0.2381	-2.4648	
# 0.7649	0.5756 -2.8746 1.7223 0.1782 2.7192	-0.6564	0.3729	-0.1946	2.4267
#projections beyond nyr:
#high recruitment year
#0.2378  0.4820  0.0969  0.6133  2.4720 -1.0325  0.0921 -2.7704  0.2381 -2.4648  0.7649  0.5756 #-2.8746  1.7223  0.1782  2.7192 -0.6564  0.3729 -0.1946  2.4267
#low recruitment 
#0.2378  0.4820  0.0969  0.6133  0.0969 -1.0325  0.0921 -2.7704  0.2381 -2.4648  2.7192  -0.6564   -2.8746  1.7223  0.1782  0.0969 -0.6564  0.3729 -0.1946  2.4267
#satype
2
#nationTACprop
73.88 26.12
#eof
999




