#Data file for Lagragian operating model
#syr
1
#nyr
100
#rep_yr
70
#sage
1
#nage
20
#smon
1
#nmon
12
#sarea
30
#narea
60
#ngroup
#3
#nations
2
#border
48.5
#fisharea
#6
5
#3
#fishbound
#35 40 45 50 55
42 46 48.5 51 
#46 48.5
#Ro
2470.000
#h
0.862 
#m
0.213
#fe
0
#q
1
#fbeta
1.0
#sigR
1.0
#tau_c
0.4
#err
1.0
#mo
3
#maxPos50
5
#maxPossd
1.5
#cv in position by age
.1 
#.1 .1
#weight at age
0.13 0.41 0.47 0.48 0.54 0.57 0.62 0.66 0.72 0.70 1.16 1.02 0.95 0.97 1.06 1.06 1.06 1.06 1.06 1.06 
#fecundity at age
1.714009e-05 1.760926e-03 5.438130e-02 2.865322e-01 4.646053e-01 5.085980e-01 6.264716e-01 7.148981e-01 7.309999e-01 8.338000e-01 9.989000e-01 1.075200e+00 1.230300e+00 1.118700e+00 1.068200e+00 1.054500e+00 1.054500e+00 1.054500e+00 1.054500e+00 1.054000e+00
#vulnerability at age
#0.0041512 0.084884 0.60249 1 1 1 1 1 1 1 1 1 1 1 1 1 1 1 1 1
0.5 1 1 1 1 1 1 1 1 1 1 1 1 1 1 1 1 1 1 1
#mininmum position by age
30.0 30.0 30.0 30.0 30.0 30.0 30.0 30.0 30.0 30.0 30.0 30.0 30.0 30.0 30.0 30.0 30.0 30.0 30.0 30.0
#maximum position by age
#33.5 33.5 33.5 35.0 38.0 45.0 49.0 51.0 53.0 54.0 56.0 57.0 58.0 59.0 59.0 59.0 59.0 59.0 59.0 600000
# Total effort by country and year
##0 0 0 0 0 0 0 0 0 0 0 0 0 0 0 0 0 0 0 0 0 0 0 0 0 0 0 0 0 0 0 0 0 0 0 0 0 0 0 0 0 0 0 0 0 0 0 0 0 0 0 0 0 0 0 0 0 0 0 0 0 0 0 0 0 0 0 0 0 0 0 0 0 0 0 0 0 0 0 0 0 0 0 0 0 0 0 0 0 0 0 0 0 0 0 0 0 0 0 0
##0 0 0 0 0 0 0 0 0 0 0 0 0 0 0 0 0 0 0 0 0 0 0 0 0 0 0 0 0 0 0 0 0 0 0 0 0 0 0 0 0 0 0 0 0 0 0 0 0 0 0 0 0 0 0 0 0 0 0 0 0 0 0 0 0 0 0 0 0 0 0 0 0 0 0 0 0 0 0 0 0 0 0 0 0 0 0 0 0 0 0 0 0 0 0 0 0 0 0 0
##0 0 0 0 0 0 0 0 0 0 0 0 0 0 0 0 0 0 0 0 0 0 0 0 0 0 0 0 0 0 0 0 0 0 0 0 0 0 0 0 0 0 0 0 0 0 0 0 0 0 0 0 0 0 0 0 0 0 0 0 0 0 0 0 0 0 0 0 0 0 0 0 0 0 0 0 0 0 0 0 0 0 0 0 0 0 0 0 0 0 0 0 0 0 0 0 0 0 0 0
##0 0 0 0 0 0 0 0 0 0 0 0 0 0 0 0 0 0 0 0 0 0 0 0 0 0 0 0 0 0 0 0 0 0 0 0 0 0 0 0 0 0 0 0 0 0 0 0 0 0 0 0 0 0 0 0 0 0 0 0 0 0 0 0 0 0 0 0 0 0 0 0 0 0 0 0 0 0 0 0 0 0 0 0 0 0 0 0 0 0 0 0 0 0 0 0 0 0 0 0
##0 0 0 0 0 0 0 0 0 0 0 0 0 0 0 0 0 0 0 0 0 0 0 0 0 0 0 0 0 0 0 0 0 0 0 0 0 0 0 0 0 0 0 0 0 0 0 0 0 0 0 0 0 0 0 0 0 0 0 0 0 0 0 0 0 0 0 0 0 0 0 0 0 0 0 0 0 0 0 0 0 0 0 0 0 0 0 0 0 0 0 0 0 0 0 0 0 0 0 0
#area1
5 5 5 5 5 5 5 5 5 5 5 5 5 5 5 5 5 5 5 5 5 5 5 5 5 5 5 5 5 5 5 5 5 5 5 5 5 5 5 5 5 5 5 5 5 5 5 5 5 5 5 5 5 5 5 5 5 5 5 5 5 5 5 5 5 5 5 5 5 5 5 5 5 5 5 5 5 5 5 5 5 5 5 5 5 5 5 5 5 5 5 5 5 5 5 5 5 5 5 5
#area2
5 5 5 5 5 5 5 5 5 5 5 5 5 5 5 5 5 5 5 5 5 5 5 5 5 5 5 5 5 5 5 5 5 5 5 5 5 5 5 5 5 5 5 5 5 5 5 5 5 5 5 5 5 5 5 5 5 5 5 5 5 5 5 5 5 5 5 5 5 5 5 5 5 5 5 5 5 5 5 5 5 5 5 5 5 5 5 5 5 5 5 5 5 5 5 5 5 5 5 5
#area3
5 5 5 5 5 5 5 5 5 5 5 5 5 5 5 5 5 5 5 5 5 5 5 5 5 5 5 5 5 5 5 5 5 5 5 5 5 5 5 5 5 5 5 5 5 5 5 5 5 5 5 5 5 5 5 5 5 5 5 5 5 5 5 5 5 5 5 5 5 5 5 5 5 5 5 5 5 5 5 5 5 5 5 5 5 5 5 5 5 5 5 5 5 5 5 5 5 5 5 5
#area4
1 1 1 1 1 1 1 1 1 1 1 1 1 1 1 1 1 1 1 1 1 1 1 1 1 1 1 1 1 1 1 1 1 1 1 1 1 1 1 1 1 1 1 1 1 1 1 1 1 1 1 1 1 1 1 1 1 1 1 1 1 1 1 1 1 1 1 1 1 1 1 1 1 1 1 1 1 1 1 1 1 1 1 1 1 1 1 1 1 1 1 1 1 1 1 1 1 1 1 1
#area5
1 1 1 1 1 1 1 1 1 1 1 1 1 1 1 1 1 1 1 1 1 1 1 1 1 1 1 1 1 1 1 1 1 1 1 1 1 1 1 1 1 1 1 1 1 1 1 1 1 1 1 1 1 1 1 1 1 1 1 1 1 1 1 1 1 1 1 1 1 1 1 1 1 1 1 1 1 1 1 1 1 1 1 1 1 1 1 1 1 1 1 1 1 1 1 1 1 1 1 1
# Total effort by country and month
#1.0 1.0 1.0 1.0 1.0 1.0 1.0 1.0 1.0 1.0 1.0 1.0  
#1.0 1.0 1.0 1.0 1.0 1.0 1.0 1.0 1.0 1.0 1.0 1.0
#1.0 1.0 1.0 1.0 1.0 1.0 1.0 1.0 1.0 1.0 1.0 1.0  
#1.0 1.0 1.0 1.0 1.0 1.0 1.0 1.0 1.0 1.0 1.0 1.0  
#1.0 1.0 1.0 1.0 1.0 1.0 1.0 1.0 1.0 1.0 1.0 1.0 
#1.0 1.0 1.0 1.0 1.0 1.0 1.0 1.0 1.0 1.0 1.0 1.0 
0.0 0.0 0.0 0.0 0.5 1.0 1.0 1.0 0.5 0.1 0.0 0.0  
0.0 0.0 0.0 0.0 0.5 1.0 1.0 1.0 0.5 0.1 0.0 0.0
0.0 0.0 0.0 0.0 0.5 1.0 1.0 1.0 0.5 0.1 0.0 0.0  
0.0 0.0 0.0 0.0 0.0 1.0 1.0 1.0 0.5 0.3 0.0 0.0  
0.0 0.0 0.0 0.0 0.0 1.0 1.0 1.0 0.5 0.3 0.0 0.0 
###0.0 0.0 0.0 0.0 0.0 0.0 0.0 0.0 0.0 0.0 0.0 0.0  
###0.0 0.0 0.0 0.0 0.0 0.0 0.0 0.0 0.0 0.0 0.0 0.0  
###0.0 0.0 0.0 0.0 0.0 0.0 0.0 0.0 0.0 0.0 0.0 0.0  
###0.0 0.0 0.0 0.0 0.0 0.0 0.0 0.0 0.0 0.0 0.0 0.0  
###0.0 0.0 0.0 0.0 0.0 0.0 0.0 0.0 0.0 0.0 0.0 0.0  
#Effort power by latitude deg
0.0 0.0 0.0 0.0 0.0 0.0 0.0 0.0 0.1 0.5 0.5 0.5 1.0 1.0 1.0 1.0 1.0 1.0 1.0 1.0 1.0 1.0 0.5 0.1 0.1 0.1 0.1 0.1 0.1 0.1 0.1 
#1.0 1.0 1.0 1.0 1.1 1.0 1.0 1.0 1.0 1.0 1.0 1.0 1.0 1.0 1.0 1.0 1.0 1.0 1.0 1.0 1.0 1.0 1.0 1.0 1.0 1.0 1.0 1.0 1.0 1.0 1.0
#Wt
 -1.6815 -1.6722	1.6044	0.5671	-1.7991	1.4167	-0.6429	-1.7381	1.1481	0.968	0.2378	0.482	0.0969	0.6133	2.472	-1.0325	0.0921	-2.7704	0.2381	-2.4648	0.7649	0.5756	-2.8746	1.7223	0.1782	2.7192	-0.6564	0.3729	-0.1946	2.4267
#eof
999




