#Data file for Lagragian operating model
#syr
1
#nyr
100
#sage
1
#nage
20
#smon
1
#nmon
12
#sarea
30
#narea
60
#nations
2
#border
48.7
#Ro
1000
#h
0.7
#6m
0.3
#fe
0
#q
1
#sigR
1
#tau_c
0.1
#mo
3
#err
0
#weight at age
0.0217 0.1297 0.2813 0.3552 0.4710 0.5090 0.6265 0.7149 0.7310 0.8338 0.9989 1.0752 1.2303 1.1187 1.0682 1.0545 1.0545 1.0545 1.0545 1.0545 
#fecundity at age
1.714009e-05 1.760926e-03 5.438130e-02 2.865322e-01 4.646053e-01 5.085980e-01 6.264716e-01 7.148981e-01 7.309999e-01 8.338000e-01 9.989000e-01 1.075200e+00 1.230300e+00 1.118700e+00 1.068200e+00 1.054500e+00 1.054500e+00 1.054500e+00 1.054500e+00 1.054000e+00
#vulnerability at age
0.0041512 0.084884 0.60249 1 1 1 1 1 1 1 1 1 1 1 1 1 1 1 1 1
#mininmum position by age
30.0 30.0 30.0 30.0 30.0 30.0 30.0 30.0 30.0 30.0 30.0 30.0 30.0 30.0 30.0 30.0 30.0 30.0 30.0 30.0
#maximum position by age
#33.5 33.5 33.5 35.0 38.0 45.0 49.0 51.0 53.0 54.0 56.0 57.0 58.0 59.0 59.0 59.0 59.0 59.0 59.0 600000
#maxPos501
6
#maxPos502
9
#maxPossd1
1.5
#maxPossd2
3
#cv in position by age
.05
# Total effort by country and year
 0.16 0.16 0.16 0.16 0.16 0.16 0.16 0.16 0.16 0.16 0.16 0.16 0.16 0.16 0.16 0.16 0.16 0.16 0.16 0.16 0.16 0.16 0.16 0.16 0.16 0.16 0.16 0.16 0.16 0.16 0.16 0.16 0.16 0.16 0.16 0.16 0.16 0.16 0.16 0.16 0.16 0.16 0.16 0.16 0.16 0.16 0.16 0.16 0.16 0.16 0.16 0.16 0.16 0.16 0.16 0.16 0.16 0.16 0.16 0.16 0.16 0.16 0.16 0.16 0.16 0.16 0.16 0.16 0.16 0.16 0.16 0.16 0.16 0.16 0.16 0.16 0.16 0.16 0.16 0.16 0.16 0.16 0.16 0.16 0.16 0.16 0.16 0.16 0.16 0.16 0.16 0.16 0.16 0.16 0.16 0.16 0.16 0.16 0.16 0.16
 0.08 0.08 0.08 0.08 0.08 0.08 0.08 0.08 0.08 0.08 0.08 0.08 0.08 0.08 0.08 0.08 0.08 0.08 0.08 0.08 0.08 0.08 0.08 0.08 0.08 0.08 0.08 0.08 0.08 0.08 0.08 0.08 0.08 0.08 0.08 0.08 0.08 0.08 0.08 0.08 0.08 0.08 0.08 0.08 0.08 0.08 0.08 0.08 0.08 0.08 0.08 0.08 0.08 0.08 0.08 0.08 0.08 0.08 0.08 0.08 0.08 0.08 0.08 0.08 0.08 0.08 0.08 0.08 0.08 0.08 0.08 0.08 0.08 0.08 0.08 0.08 0.08 0.08 0.08 0.08 0.08 0.08 0.08 0.08 0.08 0.08 0.08 0.08 0.08 0.08 0.08 0.08 0.08 0.08 0.08 0.08 0.08 0.08 0.08 0.08
# Total effort by country and month
0.0 0.0 0.0 0.0 0.5 1.0 1.0 1.0 0.5 0.1 0.0 0.0  
0.0 0.0 0.0 0.0 0.0 1.0 1.0 1.0 0.5 0.3 0.0 0.0 
#effpwr
0.1 0.1 0.1 0.1 0.1 0.1 0.1 0.1 0.1 0.5 0.5 0.5 1.0 1.0 1.0 1.0 1.0 1.0 1.0 1.0 1.0 1.0 0.5 0.1 0.1 0.1 0.1 0.1 0.1 0.1 0.1
 #eof
999




